1.191301166534007583e-03 -4.370887999999999884e+00
0.000000000000000000e+00 -4.362493816999999829e+00
0.000000000000000000e+00 -4.354099633999999774e+00
0.000000000000000000e+00 -4.345705450999999719e+00
0.000000000000000000e+00 -4.337311267999999664e+00
0.000000000000000000e+00 -4.328917084999999609e+00
0.000000000000000000e+00 -4.320522901999999554e+00
0.000000000000000000e+00 -4.312128718999999499e+00
0.000000000000000000e+00 -4.303734536000000332e+00
0.000000000000000000e+00 -4.295340353000000277e+00
0.000000000000000000e+00 -4.286946170000000222e+00
0.000000000000000000e+00 -4.278551987000000167e+00
0.000000000000000000e+00 -4.270157804000000112e+00
0.000000000000000000e+00 -4.261763621000000057e+00
0.000000000000000000e+00 -4.253369438000000002e+00
0.000000000000000000e+00 -4.244975254999999947e+00
0.000000000000000000e+00 -4.236581071999999892e+00
0.000000000000000000e+00 -4.228186888999999837e+00
0.000000000000000000e+00 -4.219792705999999782e+00
0.000000000000000000e+00 -4.211398522999999727e+00
0.000000000000000000e+00 -4.203004339999999672e+00
0.000000000000000000e+00 -4.194610156999999617e+00
0.000000000000000000e+00 -4.186215973999999562e+00
0.000000000000000000e+00 -4.177821790999999507e+00
0.000000000000000000e+00 -4.169427607999999452e+00
0.000000000000000000e+00 -4.161033425000000285e+00
0.000000000000000000e+00 -4.152639242000000230e+00
0.000000000000000000e+00 -4.144245059000000175e+00
0.000000000000000000e+00 -4.135850876000000120e+00
0.000000000000000000e+00 -4.127456693000000065e+00
0.000000000000000000e+00 -4.119062510000000010e+00
0.000000000000000000e+00 -4.110668326999999955e+00
0.000000000000000000e+00 -4.102274143999999900e+00
0.000000000000000000e+00 -4.093879960999999845e+00
0.000000000000000000e+00 -4.085485777999999790e+00
0.000000000000000000e+00 -4.077091594999999735e+00
0.000000000000000000e+00 -4.068697411999999680e+00
0.000000000000000000e+00 -4.060303228999999625e+00
0.000000000000000000e+00 -4.051909045999999570e+00
0.000000000000000000e+00 -4.043514862999999515e+00
0.000000000000000000e+00 -4.035120680000000348e+00
0.000000000000000000e+00 -4.026726497000000293e+00
0.000000000000000000e+00 -4.018332314000000238e+00
0.000000000000000000e+00 -4.009938131000000183e+00
0.000000000000000000e+00 -4.001543948000000128e+00
0.000000000000000000e+00 -3.993149765000000073e+00
0.000000000000000000e+00 -3.984755582000000018e+00
0.000000000000000000e+00 -3.976361398999999963e+00
0.000000000000000000e+00 -3.967967215999999908e+00
0.000000000000000000e+00 -3.959573032999999853e+00
0.000000000000000000e+00 -3.951178849999999798e+00
0.000000000000000000e+00 -3.942784666999999743e+00
0.000000000000000000e+00 -3.934390483999999688e+00
0.000000000000000000e+00 -3.925996301000000077e+00
0.000000000000000000e+00 -3.917602118000000022e+00
0.000000000000000000e+00 -3.909207934999999967e+00
1.191301166534007583e-03 -3.900813751999999912e+00
0.000000000000000000e+00 -3.892419568999999857e+00
0.000000000000000000e+00 -3.884025385999999802e+00
0.000000000000000000e+00 -3.875631202999999747e+00
0.000000000000000000e+00 -3.867237020000000136e+00
0.000000000000000000e+00 -3.858842837000000081e+00
0.000000000000000000e+00 -3.850448654000000026e+00
0.000000000000000000e+00 -3.842054470999999971e+00
0.000000000000000000e+00 -3.833660287999999916e+00
0.000000000000000000e+00 -3.825266104999999861e+00
0.000000000000000000e+00 -3.816871921999999806e+00
0.000000000000000000e+00 -3.808477738999999751e+00
0.000000000000000000e+00 -3.800083555999999696e+00
0.000000000000000000e+00 -3.791689372999999641e+00
0.000000000000000000e+00 -3.783295190000000030e+00
0.000000000000000000e+00 -3.774901006999999975e+00
0.000000000000000000e+00 -3.766506823999999920e+00
0.000000000000000000e+00 -3.758112640999999865e+00
0.000000000000000000e+00 -3.749718457999999810e+00
0.000000000000000000e+00 -3.741324275000000199e+00
0.000000000000000000e+00 -3.732930092000000144e+00
0.000000000000000000e+00 -3.724535909000000089e+00
0.000000000000000000e+00 -3.716141726000000034e+00
0.000000000000000000e+00 -3.707747542999999979e+00
0.000000000000000000e+00 -3.699353359999999924e+00
1.191301166534007583e-03 -3.690959176999999869e+00
0.000000000000000000e+00 -3.682564993999999814e+00
1.191301166534007583e-03 -3.674170810999999759e+00
0.000000000000000000e+00 -3.665776627999999704e+00
0.000000000000000000e+00 -3.657382444999999649e+00
0.000000000000000000e+00 -3.648988262000000038e+00
0.000000000000000000e+00 -3.640594078999999983e+00
1.191301166534007583e-03 -3.632199895999999928e+00
1.191301166534007583e-03 -3.623805712999999873e+00
0.000000000000000000e+00 -3.615411529999999818e+00
0.000000000000000000e+00 -3.607017347000000207e+00
1.191301166534007583e-03 -3.598623164000000152e+00
1.191301166534007583e-03 -3.590228981000000097e+00
1.191301166534007583e-03 -3.581834798000000042e+00
0.000000000000000000e+00 -3.573440614999999987e+00
2.382602333068015166e-03 -3.565046431999999932e+00
0.000000000000000000e+00 -3.556652248999999877e+00
1.191301166534007583e-03 -3.548258065999999822e+00
1.191301166534007583e-03 -3.539863882999999767e+00
0.000000000000000000e+00 -3.531469699999999712e+00
0.000000000000000000e+00 -3.523075516999999657e+00
0.000000000000000000e+00 -3.514681334000000046e+00
0.000000000000000000e+00 -3.506287150999999991e+00
0.000000000000000000e+00 -3.497892967999999936e+00
1.191301166534007583e-03 -3.489498784999999881e+00
0.000000000000000000e+00 -3.481104601999999826e+00
0.000000000000000000e+00 -3.472710419000000215e+00
0.000000000000000000e+00 -3.464316236000000160e+00
1.191301166534007583e-03 -3.455922053000000105e+00
1.191301166534007583e-03 -3.447527870000000050e+00
0.000000000000000000e+00 -3.439133686999999995e+00
0.000000000000000000e+00 -3.430739503999999940e+00
0.000000000000000000e+00 -3.422345320999999885e+00
0.000000000000000000e+00 -3.413951137999999830e+00
0.000000000000000000e+00 -3.405556954999999775e+00
0.000000000000000000e+00 -3.397162771999999720e+00
1.191301166534070467e-03 -3.388768588999999665e+00
1.191301166534007583e-03 -3.380374406000000054e+00
1.191301166534007583e-03 -3.371980222999999999e+00
2.382602333068015166e-03 -3.363586039999999944e+00
0.000000000000000000e+00 -3.355191856999999889e+00
1.191301166534070467e-03 -3.346797673999999834e+00
1.191301166534007583e-03 -3.338403491000000223e+00
1.191301166534007583e-03 -3.330009308000000168e+00
0.000000000000000000e+00 -3.321615125000000113e+00
0.000000000000000000e+00 -3.313220942000000058e+00
1.191301166534007583e-03 -3.304826759000000003e+00
0.000000000000000000e+00 -3.296432575999999948e+00
0.000000000000000000e+00 -3.288038392999999893e+00
1.191301166534007583e-03 -3.279644209999999838e+00
0.000000000000000000e+00 -3.271250026999999783e+00
0.000000000000000000e+00 -3.262855843999999728e+00
0.000000000000000000e+00 -3.254461660999999673e+00
1.191301166534007583e-03 -3.246067478000000062e+00
1.191301166534007583e-03 -3.237673295000000007e+00
1.191301166534007583e-03 -3.229279111999999952e+00
1.191301166534007583e-03 -3.220884928999999897e+00
1.191301166534070467e-03 -3.212490745999999842e+00
0.000000000000000000e+00 -3.204096563000000231e+00
4.765204666136030331e-03 -3.195702380000000176e+00
1.191301166534007583e-03 -3.187308197000000121e+00
3.573903499602022315e-03 -3.178914014000000066e+00
5.956505832670037914e-03 -3.170519831000000011e+00
3.573903499602022315e-03 -3.162125647999999956e+00
4.765204666136030331e-03 -3.153731464999999901e+00
2.382602333068015166e-03 -3.145337281999999846e+00
2.382602333068015166e-03 -3.136943098999999791e+00
3.573903499602022315e-03 -3.128548915999999736e+00
1.191301166534070467e-03 -3.120154732999999680e+00
0.000000000000000000e+00 -3.111760550000000070e+00
1.191301166534007583e-03 -3.103366367000000015e+00
8.339108165738053080e-03 -3.094972183999999960e+00
1.191301166534007583e-03 -3.086578000999999905e+00
1.191301166534070467e-03 -3.078183817999999849e+00
4.765204666136030331e-03 -3.069789635000000239e+00
2.382602333068015166e-03 -3.061395452000000184e+00
0.000000000000000000e+00 -3.053001269000000129e+00
5.956505832670037914e-03 -3.044607086000000074e+00
1.191301166534007583e-03 -3.036212903000000018e+00
4.765204666136030331e-03 -3.027818719999999963e+00
5.956505832670037914e-03 -3.019424536999999908e+00
4.765204666136030331e-03 -3.011030353999999853e+00
4.765204666136030331e-03 -3.002636170999999798e+00
2.382602333068015166e-03 -2.994241987999999743e+00
0.000000000000000000e+00 -2.985847804999999688e+00
5.956505832670037914e-03 -2.977453622000000077e+00
7.147806999204044630e-03 -2.969059439000000022e+00
2.382602333068015166e-03 -2.960665255999999967e+00
2.382602333068015166e-03 -2.952271072999999912e+00
2.382602333068140933e-03 -2.943876889999999857e+00
7.147806999204044630e-03 -2.935482707000000246e+00
8.339108165738053080e-03 -2.927088524000000191e+00
5.956505832670037914e-03 -2.918694341000000136e+00
7.147806999204044630e-03 -2.910300158000000081e+00
4.765204666136030331e-03 -2.901905975000000026e+00
8.339108165738053080e-03 -2.893511791999999971e+00
5.956505832670037914e-03 -2.885117608999999916e+00
7.147806999204044630e-03 -2.876723425999999861e+00
8.339108165738053080e-03 -2.868329242999999806e+00
7.147806999204044630e-03 -2.859935059999999751e+00
8.339108165738493700e-03 -2.851540876999999696e+00
1.191301166534007583e-02 -2.843146694000000085e+00
7.147806999204044630e-03 -2.834752511000000030e+00
9.530409332272060663e-03 -2.826358327999999975e+00
8.339108165738053080e-03 -2.817964144999999920e+00
7.147806999204422800e-03 -2.809569961999999865e+00
8.339108165738053080e-03 -2.801175779000000254e+00
1.072171049880606651e-02 -2.792781596000000199e+00
8.339108165738053080e-03 -2.784387413000000144e+00
5.956505832670037914e-03 -2.775993230000000089e+00
5.956505832670037914e-03 -2.767599047000000034e+00
9.530409332272060663e-03 -2.759204863999999979e+00
8.339108165738053080e-03 -2.750810680999999924e+00
1.310431283187408341e-02 -2.742416497999999869e+00
1.786951749801011027e-02 -2.734022314999999814e+00
4.765204666136030331e-03 -2.725628131999999759e+00
1.072171049880663550e-02 -2.717233948999999704e+00
7.147806999204044630e-03 -2.708839766000000093e+00
1.310431283187408341e-02 -2.700445583000000038e+00
1.429561399840808926e-02 -2.692051399999999983e+00
1.786951749801011027e-02 -2.683657216999999928e+00
9.530409332272563733e-03 -2.675263033999999873e+00
8.339108165738053080e-03 -2.666868851000000262e+00
1.667821633147610616e-02 -2.658474668000000207e+00
1.429561399840808926e-02 -2.650080485000000152e+00
1.310431283187408341e-02 -2.641686302000000097e+00
1.667821633147610616e-02 -2.633292119000000042e+00
1.667821633147610616e-02 -2.624897935999999987e+00
1.310431283187408341e-02 -2.616503752999999932e+00
1.548691516494209684e-02 -2.608109569999999877e+00
1.072171049880606651e-02 -2.599715386999999822e+00
5.956505832670037914e-03 -2.591321203999999767e+00
1.191301166534070553e-02 -2.582927020999999712e+00
2.025211983107812891e-02 -2.574532838000000101e+00
1.191301166534007583e-02 -2.566138655000000046e+00
1.072171049880606651e-02 -2.557744471999999991e+00
1.786951749801011027e-02 -2.549350288999999936e+00
1.310431283187477383e-02 -2.540956105999999881e+00
1.548691516494209684e-02 -2.532561923000000270e+00
2.025211983107812891e-02 -2.524167740000000215e+00
1.310431283187408341e-02 -2.515773557000000160e+00
1.548691516494209684e-02 -2.507379374000000105e+00
1.667821633147610616e-02 -2.498985191000000050e+00
1.906081866454412133e-02 -2.490591007999999995e+00
1.191301166534007583e-02 -2.482196824999999940e+00
1.429561399840808926e-02 -2.473802641999999885e+00
2.382602333068015166e-02 -2.465408458999999830e+00
1.906081866454412133e-02 -2.457014275999999775e+00
2.144342099761327100e-02 -2.448620092999999720e+00
1.072171049880606651e-02 -2.440225910000000109e+00
1.429561399840808926e-02 -2.431831727000000054e+00
1.548691516494209684e-02 -2.423437543999999999e+00
2.263472216414614060e-02 -2.415043360999999944e+00
2.620862566374954766e-02 -2.406649177999999889e+00
2.620862566374816682e-02 -2.398254995000000278e+00
1.667821633147610616e-02 -2.389860812000000223e+00
2.739992683028217094e-02 -2.381466629000000168e+00
2.263472216414614060e-02 -2.373072446000000113e+00
3.573903499602022055e-02 -2.364678263000000058e+00
1.786951749801011027e-02 -2.356284080000000003e+00
2.739992683028217094e-02 -2.347889896999999948e+00
2.739992683028217094e-02 -2.339495713999999893e+00
2.859122799681617852e-02 -2.331101530999999838e+00
1.786951749801105743e-02 -2.322707347999999783e+00
3.335643266295221232e-02 -2.314313165000000172e+00
2.859122799681617852e-02 -2.305918982000000117e+00
2.739992683028217094e-02 -2.297524799000000062e+00
2.978252916335018610e-02 -2.289130616000000007e+00
3.097383032988419369e-02 -2.280736432999999952e+00
2.263472216414614060e-02 -2.272342249999999897e+00
3.454773382948804483e-02 -2.263948066999999842e+00
3.335643266295221232e-02 -2.255553884000000231e+00
2.739992683028217094e-02 -2.247159701000000176e+00
2.859122799681617852e-02 -2.238765518000000121e+00
2.739992683028217094e-02 -2.230371335000000066e+00
3.693033616255422813e-02 -2.221977152000000011e+00
3.454773382948621296e-02 -2.213582968999999956e+00
4.050423966215625782e-02 -2.205188785999999901e+00
3.097383032988419369e-02 -2.196794602999999846e+00
3.693033616255618490e-02 -2.188400419999999791e+00
3.097383032988419369e-02 -2.180006237000000180e+00
3.097383032988419369e-02 -2.171612054000000125e+00
4.050423966215625782e-02 -2.163217871000000070e+00
4.050423966215625782e-02 -2.154823688000000015e+00
3.812163732908824265e-02 -2.146429504999999960e+00
3.573903499602022055e-02 -2.138035321999999905e+00
4.407814316176060510e-02 -2.129641138999999850e+00
5.003464899442831848e-02 -2.121246956000000239e+00
4.169554082869026540e-02 -2.112852773000000184e+00
5.360855249403033429e-02 -2.104458590000000129e+00
5.360855249403033429e-02 -2.096064407000000074e+00
5.360855249403033429e-02 -2.087670224000000019e+00
4.646074549482628879e-02 -2.079276040999999964e+00
5.360855249403033429e-02 -2.070881857999999909e+00
5.599115482709835639e-02 -2.062487674999999854e+00
6.313896182630573950e-02 -2.054093491999999799e+00
5.122595016096231912e-02 -2.045699309000000188e+00
4.288684199522426604e-02 -2.037305126000000133e+00
5.479985366056434187e-02 -2.028910943000000078e+00
5.122595016096231912e-02 -2.020516760000000023e+00
5.956505832670037220e-02 -2.012122576999999968e+00
4.526944432829228121e-02 -2.003728393999999913e+00
5.241725132749909533e-02 -1.995334210999999858e+00
4.169554082869026540e-02 -1.986940028000000247e+00
4.765204666136030331e-02 -1.978545845000000192e+00
6.075635949323437979e-02 -1.970151662000000137e+00
5.599115482709835639e-02 -1.961757479000000082e+00
5.837375716016637156e-02 -1.953363296000000027e+00
6.075635949323437979e-02 -1.944969112999999972e+00
4.765204666136030331e-02 -1.936574929999999917e+00
6.313896182630239495e-02 -1.928180746999999862e+00
5.956505832670352940e-02 -1.919786563999999807e+00
7.147806999204044109e-02 -1.911392381000000196e+00
7.386067232510845626e-02 -1.902998198000000141e+00
7.266937115857445562e-02 -1.894604015000000086e+00
8.696498515698254661e-02 -1.886209832000000031e+00
6.671286532590442464e-02 -1.877815648999999976e+00
7.386067232510845626e-02 -1.869421465999999921e+00
7.386067232511236980e-02 -1.861027282999999866e+00
7.981717815777850111e-02 -1.852633100000000255e+00
6.194766065976838737e-02 -1.844238917000000200e+00
9.173018982311857694e-02 -1.835844734000000145e+00
7.266937115857445562e-02 -1.827450551000000090e+00
9.530409332272060663e-02 -1.819056368000000035e+00
9.053888865658456242e-02 -1.810662184999999980e+00
9.411279215618659211e-02 -1.802268001999999925e+00
9.053888865658456242e-02 -1.793873818999999870e+00
9.649539448925970042e-02 -1.785479635999999815e+00
7.624327465817648530e-02 -1.777085453000000204e+00
7.981717815777850111e-02 -1.768691270000000149e+00
9.887799682232262244e-02 -1.760297087000000094e+00
8.577368399044853209e-02 -1.751902904000000039e+00
8.815628632351656113e-02 -1.743508720999999984e+00
1.072171049880606686e-01 -1.735114537999999929e+00
8.219978049085086003e-02 -1.726720354999999874e+00
8.339108165738053080e-02 -1.718326172000000263e+00
9.530409332272060663e-02 -1.709931989000000208e+00
1.048345026549926673e-01 -1.701537806000000153e+00
1.107910084876626983e-01 -1.693143623000000098e+00
9.173018982311857694e-02 -1.684749440000000043e+00
1.250866224860708031e-01 -1.676355256999999987e+00
9.530409332272060663e-02 -1.667961073999999932e+00
1.060258038215266541e-01 -1.659566890999999877e+00
8.815628632352121019e-02 -1.651172707999999822e+00
1.024519003219246382e-01 -1.642778525000000212e+00
9.411279215618659211e-02 -1.634384342000000157e+00
1.095997073211286837e-01 -1.625990159000000101e+00
1.131736108207307134e-01 -1.617595976000000046e+00
1.298518271522068057e-01 -1.609201792999999991e+00
1.072171049880606686e-01 -1.600807609999999936e+00
1.143649119872707648e-01 -1.592413426999999881e+00
1.143649119872647141e-01 -1.584019244000000270e+00
1.167475143203327431e-01 -1.575625061000000215e+00
1.143649119872647141e-01 -1.567230878000000160e+00
1.250866224860708031e-01 -1.558836695000000105e+00
9.173018982311857694e-02 -1.550442512000000050e+00
1.227040201530027602e-01 -1.542048328999999995e+00
1.334257306518088493e-01 -1.533654145999999940e+00
1.322344294852748348e-01 -1.525259962999999885e+00
1.179388154868729749e-01 -1.516865779999999830e+00
1.262779236526047899e-01 -1.508471597000000219e+00
1.620169586486250313e-01 -1.500077414000000164e+00
1.417648388175468954e-01 -1.491683231000000109e+00
1.227040201530027602e-01 -1.483289048000000054e+00
1.227040201530027602e-01 -1.474894864999999999e+00
1.620169586486250313e-01 -1.466500681999999944e+00
1.512952481498269497e-01 -1.458106498999999889e+00
1.203214178199347589e-01 -1.449712316000000278e+00
1.512952481498189561e-01 -1.441318133000000223e+00
1.417648388175468954e-01 -1.432923950000000168e+00
1.453387423171489112e-01 -1.424529767000000113e+00
1.477213446502169125e-01 -1.416135584000000058e+00
1.560604528159549864e-01 -1.407741401000000003e+00
1.715473679808970642e-01 -1.399347217999999948e+00
1.524865493163529706e-01 -1.390953034999999893e+00
1.655908621482357901e-01 -1.382558851999999838e+00
1.548691516494209719e-01 -1.374164669000000227e+00
1.703560668143630774e-01 -1.365770486000000172e+00
1.751212714804990800e-01 -1.357376303000000117e+00
1.929907889785092145e-01 -1.348982120000000062e+00
1.632082598151590180e-01 -1.340587937000000007e+00
1.679734644812950484e-01 -1.332193753999999952e+00
2.060951018103941990e-01 -1.323799570999999897e+00
1.643995609816930326e-01 -1.315405388000000286e+00
1.834603796462371539e-01 -1.307011205000000231e+00
1.655908621482270193e-01 -1.298617022000000176e+00
1.584430551490230155e-01 -1.290222839000000121e+00
1.501039469832849416e-01 -1.281828656000000066e+00
1.989472948111792316e-01 -1.273434473000000011e+00
1.584430551490230155e-01 -1.265040289999999956e+00
1.929907889785092145e-01 -1.256646106999999901e+00
1.715473679809061680e-01 -1.248251923999999846e+00
2.013298971442472607e-01 -1.239857741000000235e+00
1.572517539824890009e-01 -1.231463558000000180e+00
1.906081866454412133e-01 -1.223069375000000125e+00
1.953733913115772158e-01 -1.214675192000000070e+00
1.846516808127711684e-01 -1.206281009000000015e+00
1.906081866454412133e-01 -1.197886825999999960e+00
2.001385959777238488e-01 -1.189492642999999905e+00
2.191994146422573675e-01 -1.181098460000000294e+00
2.037124994773152897e-01 -1.172704277000000239e+00
1.727386691474311065e-01 -1.164310094000000184e+00
2.323037274741314440e-01 -1.155915911000000129e+00
1.775038738135671090e-01 -1.147521728000000074e+00
2.013298971442472607e-01 -1.139127545000000019e+00
2.358776309737334598e-01 -1.130733361999999964e+00
2.108603064765193214e-01 -1.122339178999999909e+00
2.108603064765305068e-01 -1.113944995999999854e+00
2.513645461386755930e-01 -1.105550813000000243e+00
2.060951018103832633e-01 -1.097156630000000188e+00
2.132429088095873504e-01 -1.088762447000000133e+00
2.251559204749274123e-01 -1.080368264000000078e+00
2.537471484717436221e-01 -1.071974081000000023e+00
2.406428356398695179e-01 -1.063579897999999968e+00
2.394515344733481876e-01 -1.055185714999999913e+00
2.465993414725395627e-01 -1.046791532000000302e+00
2.608949554709476537e-01 -1.038397349000000247e+00
2.275385228079954414e-01 -1.030003166000000192e+00
2.382602333068014888e-01 -1.021608983000000137e+00
2.442167391394715337e-01 -1.013214800000000082e+00
2.561297508048115956e-01 -1.004820617000000027e+00
2.346863298071994730e-01 -9.964264339999999720e-01
2.549384496382776089e-01 -9.880322509999999170e-01
2.334950286406778097e-01 -9.796380679999998620e-01
2.668514613036176986e-01 -9.712438850000002510e-01
2.501732449721416063e-01 -9.628497020000001960e-01
2.311124263075974572e-01 -9.544555190000001410e-01
2.465993414725395627e-01 -9.460613360000000860e-01
2.501732449721416063e-01 -9.376671530000000310e-01
2.847209788016277776e-01 -9.292729699999999760e-01
2.656601601370977561e-01 -9.208787869999999209e-01
2.799557741354917750e-01 -9.124846040000003100e-01
2.525558473052095798e-01 -9.040904210000002550e-01
2.835296776350937908e-01 -8.956962380000002000e-01
2.501732449721416063e-01 -8.873020550000001450e-01
2.847209788016277776e-01 -8.789078720000000899e-01
2.668514613036176986e-01 -8.705136890000000349e-01
2.763818706358897037e-01 -8.621195059999999799e-01
2.597036543044136114e-01 -8.537253229999999249e-01
2.608949554709614205e-01 -8.453311399999998699e-01
2.632775578040156828e-01 -8.369369570000002589e-01
2.990165928000358964e-01 -8.285427740000002039e-01
2.787644729689577328e-01 -8.201485910000001489e-01
2.954426893004338250e-01 -8.117544080000000939e-01
2.835296776350937908e-01 -8.033602250000000389e-01
3.097383032988419438e-01 -7.949660419999999839e-01
2.799557741355065965e-01 -7.865718589999999288e-01
3.133122067984439596e-01 -7.781776760000003179e-01
2.823383764685597486e-01 -7.697834930000002629e-01
3.085470021323079570e-01 -7.613893100000002079e-01
2.966339904669678673e-01 -7.529951270000001529e-01
3.419034347952600861e-01 -7.446009440000000978e-01
3.121209056319099728e-01 -7.362067610000000428e-01
3.109296044653759861e-01 -7.278125779999999878e-01
3.037817974661718989e-01 -7.194183949999999328e-01
3.097383032988583196e-01 -7.110242119999998778e-01
3.383295312956580703e-01 -7.026300290000002668e-01
3.252252184637840493e-01 -6.942358460000002118e-01
3.609642534598042629e-01 -6.858416630000001568e-01
3.049730986327059412e-01 -6.774474800000001018e-01
3.299904231299201074e-01 -6.690532970000000468e-01
2.954426893004338250e-01 -6.606591139999999918e-01
3.168861102980627398e-01 -6.522649309999999367e-01
3.216513149641820335e-01 -6.438707480000003258e-01
3.454773382948622129e-01 -6.354765650000002708e-01
3.240339172972500625e-01 -6.270823820000002158e-01
3.037817974661718989e-01 -6.186881990000001608e-01
3.240339172972500625e-01 -6.102940160000001057e-01
3.168861102980460309e-01 -6.018998330000000507e-01
3.621555546263382497e-01 -5.935056499999999957e-01
3.419034347952600861e-01 -5.851114669999999407e-01
3.264165196303353000e-01 -5.767172839999998857e-01
3.192687126311140045e-01 -5.683231010000002748e-01
3.383295312956580703e-01 -5.599289180000002197e-01
3.085470021323079570e-01 -5.515347350000001647e-01
3.419034347952600861e-01 -5.431405520000001097e-01
3.609642534598042629e-01 -5.347463690000000547e-01
3.550077476271342181e-01 -5.263521859999999997e-01
3.681120604590277789e-01 -5.179580029999999446e-01
3.311817242964540386e-01 -5.095638200000003337e-01
3.430947359617941284e-01 -5.011696370000002787e-01
3.657294581259402655e-01 -4.927754540000002237e-01
3.323730254629880809e-01 -4.843812710000001687e-01
3.454773382948622129e-01 -4.759870880000001137e-01
3.454773382948622129e-01 -4.675929050000000586e-01
3.752598674582123262e-01 -4.591987220000000036e-01
3.728772651251443526e-01 -4.508045389999999486e-01
3.633468557928914988e-01 -4.424103559999998936e-01
3.764511686247463684e-01 -4.340161730000002827e-01
3.514338441275322023e-01 -4.256219900000002276e-01
3.716859639586103103e-01 -4.172278070000001726e-01
3.430947359617941284e-01 -4.088336240000001176e-01
3.597729522932702761e-01 -4.004394410000000626e-01
3.871728791235524159e-01 -3.920452580000000076e-01
3.871728791235729550e-01 -3.836510749999999526e-01
3.835989756239504000e-01 -3.752568920000003416e-01
3.597729522932702761e-01 -3.668627090000002866e-01
3.919380837896884739e-01 -3.584685260000002316e-01
3.252252184637840493e-01 -3.500743430000001766e-01
3.871728791235524159e-01 -3.416801600000001216e-01
3.800250721243483842e-01 -3.332859770000000665e-01
3.740685662916783394e-01 -3.248917940000000115e-01
3.466686394613961442e-01 -3.164976109999999565e-01
3.526251452940662445e-01 -3.081034279999999015e-01
3.978945896223584633e-01 -2.997092449999998465e-01
3.835989756239504000e-01 -2.913150619999997915e-01
3.776424697912803552e-01 -2.829208789999997364e-01
3.669207592925131101e-01 -2.745266959999996814e-01
3.395208324621921125e-01 -2.661325130000005146e-01
3.669207592924743078e-01 -2.577383300000004596e-01
3.835989756239504000e-01 -2.493441470000004045e-01
4.193380106199706692e-01 -2.409499640000003495e-01
3.538164464606001758e-01 -2.325557810000002945e-01
3.871728791235524159e-01 -2.241615980000002395e-01
4.074249989546305795e-01 -2.157674150000001845e-01
3.716859639586103103e-01 -2.073732320000001295e-01
3.943206861227564475e-01 -1.989790490000000744e-01
4.300597211187767166e-01 -1.905848660000000194e-01
3.645381569594062787e-01 -1.821906829999999644e-01
4.217206129530386427e-01 -1.737964999999999094e-01
3.907467826231544317e-01 -1.654023169999998544e-01
3.633468557928722920e-01 -1.570081339999997994e-01
3.978945896224005963e-01 -1.486139509999997443e-01
4.229119141195726850e-01 -1.402197680000005775e-01
4.086163001211645107e-01 -1.318255850000005225e-01
3.752598674582123262e-01 -1.234314020000004675e-01
3.990858907888925056e-01 -1.150372190000004124e-01
4.002771919554265478e-01 -1.066430360000003574e-01
3.943206861227564475e-01 -9.824885300000030242e-02
3.383295312956580703e-01 -8.985467000000024740e-02
4.181467094534366269e-01 -8.146048700000019238e-02
3.883641802900864581e-01 -7.306630400000013736e-02
3.704946627920763236e-01 -6.467212100000008235e-02
3.490512417944642287e-01 -5.627793800000002733e-02
4.098076012876985530e-01 -4.788375499999997231e-02
3.728772651251443526e-01 -3.948957199999991730e-02
3.645381569594062787e-01 -3.109538899999986228e-02
3.931293849562225162e-01 -2.270120599999980726e-02
3.633468557928722920e-01 -1.430702299999975224e-02
4.229119141196174270e-01 -5.912839999999697227e-03
4.074249989546305795e-01 2.481342999999469612e-03
4.086163001211645107e-01 1.087552599999952463e-02
3.859815779570184291e-01 1.926970899999957965e-02
4.026597942884945214e-01 2.766389199999963466e-02
3.990858907888925056e-01 3.605807499999968968e-02
4.312510222853107034e-01 4.445225799999974470e-02
3.919380837896884739e-01 5.284644099999979971e-02
3.990858907888925056e-01 6.124062399999985473e-02
3.716859639586103103e-01 6.963480699999990975e-02
3.693033616255423368e-01 7.802898999999996477e-02
3.788337709578143420e-01 8.642317300000001978e-02
4.050423966215624949e-01 9.481735600000007480e-02
3.609642534598042629e-01 1.032115390000001298e-01
3.847902767904844423e-01 1.116057220000001848e-01
4.169554082869467715e-01 1.199999050000002399e-01
3.812163732908824265e-01 1.283940879999994067e-01
3.788337709578143420e-01 1.367882709999994617e-01
3.812163732908824265e-01 1.451824539999995167e-01
3.693033616255423368e-01 1.535766369999995717e-01
4.074249989546305795e-01 1.619708199999996268e-01
4.181467094534366269e-01 1.703650029999996818e-01
4.109989024542325953e-01 1.787591859999997368e-01
3.800250721243483842e-01 1.871533689999997918e-01
3.847902767904844423e-01 1.955475519999998468e-01
4.086163001211645107e-01 2.039417349999999018e-01
4.026597942884945214e-01 2.123359179999999569e-01
3.561990487936682603e-01 2.207301010000000119e-01
3.990858907888925056e-01 2.291242840000000669e-01
3.967032884558245320e-01 2.375184670000001219e-01
3.847902767904844423e-01 2.459126500000001769e-01
3.728772651251443526e-01 2.543068330000002319e-01
3.824076744574568809e-01 2.627010160000002870e-01
3.978945896223584633e-01 2.710951989999994538e-01
3.395208324621921125e-01 2.794893819999995088e-01
4.038510954550285637e-01 2.878835649999995638e-01
3.871728791235524159e-01 2.962777479999996189e-01
3.657294581259402655e-01 3.046719309999996739e-01
3.645381569594062787e-01 3.130661139999997289e-01
3.526251452940662445e-01 3.214602969999997839e-01
3.645381569594062787e-01 3.298544799999998389e-01
3.657294581259402655e-01 3.382486629999998939e-01
3.800250721243483842e-01 3.466428459999999490e-01
3.633468557928722920e-01 3.550370290000000040e-01
3.764511686247463684e-01 3.634312120000000590e-01
3.550077476271342181e-01 3.718253950000001140e-01
3.728772651251443526e-01 3.802195780000001690e-01
3.871728791235933831e-01 3.886137610000002240e-01
3.526251452940662445e-01 3.970079439999993909e-01
3.681120604590082945e-01 4.054021269999994459e-01
3.585816511267362339e-01 4.137963099999995009e-01
3.633468557928722920e-01 4.221904929999995559e-01
3.585816511267362339e-01 4.305846759999996110e-01
3.454773382948622129e-01 4.389788589999996660e-01
3.681120604590082945e-01 4.473730419999997210e-01
3.502425429609981600e-01 4.557672249999997760e-01
3.383295312956580703e-01 4.641614079999998310e-01
3.907467826231544317e-01 4.725555909999998860e-01
3.347556277960560545e-01 4.809497739999999411e-01
3.502425429609981600e-01 4.893439569999999961e-01
3.669207592924743078e-01 4.977381400000000511e-01
3.835989756239504000e-01 5.061323230000001061e-01
3.752598674582123262e-01 5.145265060000001611e-01
3.311817242964540386e-01 5.229206890000002161e-01
3.276078207968867173e-01 5.313148720000002712e-01
3.133122067984439596e-01 5.397090549999994380e-01
3.704946627920763236e-01 5.481032379999994930e-01
3.156948091315119886e-01 5.564974209999995480e-01
3.276078207968520783e-01 5.648916039999996030e-01
3.478599406279301864e-01 5.732857869999996581e-01
3.061643997992399280e-01 5.816799699999997131e-01
3.633468557928722920e-01 5.900741529999997681e-01
3.287991219633860651e-01 5.984683359999998231e-01
3.168861102980460309e-01 6.068625189999998781e-01
3.264165196303180361e-01 6.152567019999999332e-01
3.335643266295221232e-01 6.236508849999999882e-01
3.347556277960560545e-01 6.320450680000000432e-01
3.419034347952600861e-01 6.404392510000000982e-01
3.121209056319099728e-01 6.488334340000001532e-01
3.240339172972843129e-01 6.572276170000002082e-01
3.013991951331038699e-01 6.656217999999993751e-01
3.252252184637840493e-01 6.740159829999994301e-01
3.240339172972500625e-01 6.824101659999994851e-01
3.002078939665698831e-01 6.908043489999995401e-01
3.311817242964540386e-01 6.991985319999995951e-01
3.133122067984439596e-01 7.075927149999996502e-01
2.918687858008318092e-01 7.159868979999997052e-01
3.013991951331038699e-01 7.243810809999997602e-01
2.728079671362876879e-01 7.327752639999998152e-01
2.751905694693557169e-01 7.411694469999998702e-01
2.894861834677637802e-01 7.495636299999999252e-01
2.787644729689577328e-01 7.579578129999999803e-01
2.823383764685597486e-01 7.663519960000000353e-01
3.073557009657739147e-01 7.747461790000000903e-01
2.871035811346958067e-01 7.831403620000001453e-01
2.799557741354917750e-01 7.915345450000002003e-01
2.608949554709752428e-01 7.999287280000002553e-01
2.632775578040156828e-01 8.083229109999994222e-01
2.906774846342978225e-01 8.167170939999994772e-01
2.859122799681617644e-01 8.251112769999995322e-01
2.823383764685597486e-01 8.335054599999995872e-01
2.549384496382776089e-01 8.418996429999996423e-01
2.918687858008318092e-01 8.502938259999996973e-01
3.037817974661718989e-01 8.586880089999997523e-01
2.871035811346958067e-01 8.670821919999998073e-01
2.775731718024237460e-01 8.754763749999998623e-01
3.049730986327059412e-01 8.838705579999999173e-01
2.477906426390735495e-01 8.922647409999999724e-01
2.728079671362876879e-01 9.006589240000000274e-01
2.454080403060055204e-01 9.090531070000000824e-01
2.537471484717436221e-01 9.174472900000001374e-01
2.573210519713728384e-01 9.258414730000001924e-01
2.680427624701516853e-01 9.342356559999993593e-01
2.418341368064035046e-01 9.426298389999994143e-01
2.239646193083934256e-01 9.510240219999994693e-01
2.608949554709476537e-01 9.594182049999995243e-01
2.525558473052095798e-01 9.678123879999995793e-01
2.454080403060055204e-01 9.762065709999996344e-01
2.704253648032197144e-01 9.846007539999996894e-01
2.489819438056075640e-01 9.929949369999997444e-01
2.108603064765193214e-01 1.001389119999999799e+00
2.358776309737334598e-01 1.009783302999999854e+00
2.489819438056075640e-01 1.018177485999999909e+00
2.608949554709476537e-01 1.026571668999999964e+00
2.311124263075974572e-01 1.034965852000000019e+00
2.632775578040156828e-01 1.043360035000000074e+00
1.977559936446452449e-01 1.051754218000000130e+00
1.977559936446452449e-01 1.060148401000000185e+00
1.917994878119954894e-01 1.068542584000000240e+00
2.215820169753253965e-01 1.076936766999999406e+00
2.132429088095873504e-01 1.085330949999999461e+00
2.275385228079954414e-01 1.093725132999999516e+00
2.168168123091893662e-01 1.102119315999999571e+00
2.060951018103832633e-01 1.110513498999999626e+00
2.180081134757233530e-01 1.118907681999999681e+00
2.311124263075974572e-01 1.127301864999999736e+00
2.168168123091893662e-01 1.135696047999999792e+00
2.394515344733354756e-01 1.144090230999999847e+00
1.882255843123731842e-01 1.152484413999999902e+00
1.965646924781112581e-01 1.160878596999999957e+00
2.132429088095873504e-01 1.169272780000000012e+00
2.239646193083934256e-01 1.177666963000000067e+00
1.977559936446452449e-01 1.186061146000000122e+00
2.191994146422805712e-01 1.194455329000000177e+00
2.239646193083934256e-01 1.202849511999999343e+00
1.870342831458391697e-01 1.211243694999999398e+00
2.191994146422573675e-01 1.219637877999999453e+00
1.834603796462371539e-01 1.228032060999999509e+00
1.643995609816930326e-01 1.236426243999999564e+00
1.810777773131691248e-01 1.244820426999999619e+00
1.822690784797031394e-01 1.253214609999999674e+00
2.060951018103832633e-01 1.261608792999999729e+00
1.691647656478290351e-01 1.270002975999999784e+00
1.775038738135671090e-01 1.278397158999999839e+00
1.882255843123731842e-01 1.286791341999999894e+00
1.465300434836828980e-01 1.295185524999999949e+00
1.763125726470331223e-01 1.303579708000000004e+00
1.703560668143630774e-01 1.311973891000000059e+00
1.667821633147610616e-01 1.320368074000000114e+00
1.941820901450432291e-01 1.328762257000000169e+00
1.977559936446661726e-01 1.337156440000000224e+00
1.917994878119752000e-01 1.345550622999999391e+00
1.441474411506148967e-01 1.353944805999999446e+00
1.536778504828869574e-01 1.362338988999999501e+00
1.536778504828869574e-01 1.370733171999999556e+00
1.727386691474311065e-01 1.379127354999999611e+00
1.358083329848768506e-01 1.387521537999999666e+00
1.584430551490230155e-01 1.395915720999999721e+00
1.322344294852748348e-01 1.404309903999999776e+00
1.572517539824890009e-01 1.412704086999999831e+00
1.393822364844788664e-01 1.421098269999999886e+00
1.536778504828869574e-01 1.429492452999999941e+00
1.358083329848768506e-01 1.437886635999999996e+00
1.155562131537987286e-01 1.446280819000000051e+00
1.465300434836828980e-01 1.454675002000000106e+00
1.667821633147786864e-01 1.463069185000000161e+00
1.453387423171489112e-01 1.471463367999999328e+00
1.072171049880606686e-01 1.479857550999999383e+00
1.310431283187408202e-01 1.488251733999999438e+00
1.131736108207307134e-01 1.496645916999999493e+00
1.369996341514108651e-01 1.505040099999999548e+00
1.417648388175468954e-01 1.513434282999999603e+00
1.286605259856728189e-01 1.521828465999999658e+00
1.250866224860708031e-01 1.530222648999999713e+00
1.286605259856728189e-01 1.538616831999999768e+00
1.250866224860708031e-01 1.547011014999999823e+00
1.262779236526047899e-01 1.555405197999999878e+00
1.405735376510128809e-01 1.563799380999999933e+00
1.238953213195367747e-01 1.572193563999999988e+00
1.119823096541967128e-01 1.580587747000000043e+00
1.072171049880606686e-01 1.588981930000000098e+00
1.143649119872647141e-01 1.597376113000000153e+00
1.203214178199474987e-01 1.605770296000000208e+00
7.862587699124450047e-02 1.614164478999999375e+00
1.107910084876626983e-01 1.622558661999999430e+00
1.250866224860708031e-01 1.630952844999999485e+00
1.036432014884586528e-01 1.639347027999999540e+00
1.167475143203327431e-01 1.647741210999999595e+00
1.048345026549926673e-01 1.656135393999999650e+00
1.036432014884586528e-01 1.664529576999999705e+00
1.036432014884586528e-01 1.672923759999999760e+00
9.887799682232262244e-02 1.681317942999999815e+00
9.649539448925460727e-02 1.689712125999999870e+00
9.530409332272060663e-02 1.698106308999999925e+00
8.696498515698254661e-02 1.706500491999999980e+00
9.411279215618659211e-02 1.714894675000000035e+00
8.339108165738053080e-02 1.723288858000000090e+00
1.000692979888672257e-01 1.731683041000000145e+00
9.292149098965257759e-02 1.740077223999999312e+00
1.084084061545946831e-01 1.748471406999999367e+00
1.012605991553906237e-01 1.756865589999999422e+00
7.981717815777850111e-02 1.765259772999999477e+00
9.530409332272060663e-02 1.773653955999999532e+00
6.552156415937041012e-02 1.782048138999999587e+00
8.577368399044853209e-02 1.790442321999999642e+00
7.266937115857445562e-02 1.798836504999999697e+00
8.219978049084651628e-02 1.807230687999999752e+00
7.505197349164247078e-02 1.815624870999999807e+00
6.194766065976838737e-02 1.824019053999999862e+00
6.552156415937041012e-02 1.832413236999999917e+00
5.718245599363235704e-02 1.840807419999999972e+00
7.147806999204044109e-02 1.849201603000000027e+00
5.837375716016637156e-02 1.857595786000000082e+00
7.743457582471048595e-02 1.865989969000000137e+00
7.386067232511626945e-02 1.874384152000000192e+00
7.386067232510845626e-02 1.882778334999999359e+00
7.624327465817648530e-02 1.891172517999999414e+00
8.696498515698254661e-02 1.899566700999999469e+00
7.386067232510845626e-02 1.907960883999999524e+00
5.837375716016637156e-02 1.916355066999999579e+00
5.122595016096231912e-02 1.924749249999999634e+00
7.624327465817648530e-02 1.933143432999999689e+00
5.479985366056434187e-02 1.941537615999999744e+00
5.956505832670037220e-02 1.949931798999999799e+00
4.646074549482628879e-02 1.958325981999999854e+00
7.147806999204044109e-02 1.966720164999999909e+00
6.075635949323437979e-02 1.975114347999999964e+00
7.028676882550644045e-02 1.983508531000000019e+00
4.050423966215625782e-02 1.991902714000000074e+00
4.646074549483120847e-02 2.000296897000000129e+00
6.075635949323437979e-02 2.008691079999999296e+00
6.433026299283640947e-02 2.017085262999999351e+00
6.075635949323437979e-02 2.025479445999999406e+00
6.433026299283640947e-02 2.033873628999999461e+00
6.313896182630239495e-02 2.042267811999999516e+00
4.050423966215625782e-02 2.050661994999999571e+00
6.790416649243842528e-02 2.059056177999999626e+00
4.765204666136030331e-02 2.067450360999999681e+00
4.169554082869026540e-02 2.075844543999999736e+00
4.169554082869026540e-02 2.084238726999999791e+00
3.931293849562225023e-02 2.092632909999999846e+00
4.646074549482628879e-02 2.101027092999999901e+00
3.573903499602022055e-02 2.109421275999999956e+00
4.407814316175828057e-02 2.117815459000000011e+00
4.169554082869026540e-02 2.126209642000000066e+00
4.526944432829228121e-02 2.134603825000000121e+00
4.526944432829707599e-02 2.142998008000000176e+00
3.931293849562225023e-02 2.151392190999999343e+00
3.812163732908824265e-02 2.159786373999999398e+00
3.216513149641820474e-02 2.168180556999999453e+00
3.931293849562225023e-02 2.176574739999999508e+00
3.812163732908824265e-02 2.184968922999999563e+00
4.646074549482628879e-02 2.193363105999999618e+00
2.739992683028217094e-02 2.201757288999999673e+00
2.978252916335018610e-02 2.210151471999999728e+00
2.859122799681617852e-02 2.218545654999999783e+00
3.335643266295221232e-02 2.226939837999999838e+00
3.335643266295221232e-02 2.235334020999999893e+00
3.454773382948621296e-02 2.243728203999999948e+00
2.382602333068015166e-02 2.252122387000000003e+00
2.978252916335018610e-02 2.260516570000000058e+00
3.812163732909227415e-02 2.268910753000000113e+00
2.739992683028217094e-02 2.277304935999999280e+00
3.573903499602022055e-02 2.285699118999999335e+00
2.382602333068015166e-02 2.294093301999999390e+00
2.263472216414614060e-02 2.302487484999999445e+00
4.169554082869026540e-02 2.310881667999999500e+00
2.859122799681617852e-02 2.319275850999999555e+00
2.978252916335018610e-02 2.327670033999999610e+00
2.263472216414614060e-02 2.336064216999999665e+00
2.978252916335018610e-02 2.344458399999999720e+00
2.620862566374816682e-02 2.352852582999999775e+00
1.667821633147610616e-02 2.361246765999999830e+00
2.263472216414614060e-02 2.369640948999999885e+00
2.620862566374816682e-02 2.378035131999999940e+00
2.144342099761213302e-02 2.386429314999999995e+00
2.144342099761213302e-02 2.394823498000000050e+00
2.025211983107812891e-02 2.403217681000000105e+00
2.025211983108026956e-02 2.411611864000000161e+00
2.620862566374816682e-02 2.420006046999999327e+00
1.191301166534007583e-02 2.428400229999999382e+00
2.382602333068015166e-02 2.436794412999999437e+00
2.739992683028217094e-02 2.445188595999999492e+00
2.025211983107812891e-02 2.453582778999999547e+00
2.382602333068015166e-02 2.461976961999999602e+00
2.144342099761213302e-02 2.470371144999999657e+00
2.025211983107812891e-02 2.478765327999999712e+00
1.310431283187408341e-02 2.487159510999999767e+00
1.429561399840808926e-02 2.495553693999999822e+00
1.429561399840808926e-02 2.503947876999999878e+00
1.906081866454412133e-02 2.512342059999999933e+00
1.191301166534007583e-02 2.520736242999999988e+00
2.620862566374816682e-02 2.529130426000000043e+00
1.191301166534133524e-02 2.537524609000000098e+00
1.906081866454412133e-02 2.545918791999999264e+00
1.072171049880606651e-02 2.554312974999999319e+00
1.786951749801011027e-02 2.562707157999999374e+00
1.548691516494209684e-02 2.571101340999999429e+00
1.667821633147610616e-02 2.579495523999999484e+00
8.339108165738053080e-03 2.587889706999999540e+00
1.667821633147610616e-02 2.596283889999999595e+00
1.072171049880606651e-02 2.604678072999999650e+00
5.956505832670037914e-03 2.613072255999999705e+00
1.786951749801011027e-02 2.621466438999999760e+00
1.310431283187408341e-02 2.629860621999999815e+00
1.191301166534007583e-02 2.638254804999999870e+00
1.310431283187408341e-02 2.646648987999999925e+00
5.956505832670037914e-03 2.655043170999999980e+00
1.429561399840808926e-02 2.663437354000000035e+00
1.072171049880606651e-02 2.671831537000000090e+00
5.956505832670667619e-03 2.680225720000000145e+00
1.191301166534007583e-02 2.688619902999999312e+00
2.263472216414614060e-02 2.697014085999999367e+00
1.429561399840808926e-02 2.705408268999999422e+00
8.339108165738053080e-03 2.713802451999999477e+00
8.339108165738053080e-03 2.722196634999999532e+00
9.530409332272060663e-03 2.730590817999999587e+00
1.072171049880606651e-02 2.738985000999999642e+00
5.956505832670037914e-03 2.747379183999999697e+00
7.147806999204044630e-03 2.755773366999999752e+00
5.956505832670037914e-03 2.764167549999999807e+00
7.147806999204044630e-03 2.772561732999999862e+00
1.191301166534007583e-03 2.780955915999999917e+00
9.530409332272060663e-03 2.789350098999999972e+00
7.147806999204044630e-03 2.797744282000000027e+00
4.765204666136534269e-03 2.806138465000000082e+00
4.765204666136030331e-03 2.814532647999999249e+00
8.339108165738053080e-03 2.822926830999999304e+00
5.956505832670037914e-03 2.831321013999999359e+00
8.339108165738053080e-03 2.839715196999999414e+00
8.339108165738053080e-03 2.848109379999999469e+00
8.339108165738053080e-03 2.856503562999999524e+00
9.530409332272060663e-03 2.864897745999999579e+00
7.147806999204044630e-03 2.873291928999999634e+00
1.072171049880606651e-02 2.881686111999999689e+00
2.382602333068015166e-03 2.890080294999999744e+00
5.956505832670037914e-03 2.898474477999999799e+00
9.530409332272060663e-03 2.906868660999999854e+00
3.573903499602022315e-03 2.915262843999999909e+00
1.191301166534007583e-03 2.923657026999999964e+00
5.956505832670037914e-03 2.932051210000000019e+00
5.956505832670037914e-03 2.940445393000000074e+00
3.573903499602400485e-03 2.948839576000000129e+00
2.382602333068015166e-03 2.957233758999999296e+00
3.573903499602022315e-03 2.965627941999999351e+00
2.382602333068015166e-03 2.974022124999999406e+00
3.573903499602022315e-03 2.982416307999999461e+00
4.765204666136030331e-03 2.990810490999999516e+00
3.573903499602022315e-03 2.999204673999999571e+00
3.573903499602022315e-03 3.007598856999999626e+00
3.573903499602022315e-03 3.015993039999999681e+00
0.000000000000000000e+00 3.024387222999999736e+00
0.000000000000000000e+00 3.032781405999999791e+00
2.382602333068015166e-03 3.041175588999999846e+00
1.191301166534007583e-03 3.049569771999999901e+00
2.382602333068015166e-03 3.057963954999999956e+00
1.191301166534007583e-03 3.066358138000000011e+00
0.000000000000000000e+00 3.074752321000000066e+00
2.382602333068015166e-03 3.083146503999999233e+00
1.191301166534007583e-03 3.091540686999999288e+00
5.956505832670037914e-03 3.099934869999999343e+00
2.382602333068015166e-03 3.108329052999999398e+00
2.382602333068015166e-03 3.116723235999999453e+00
2.382602333068015166e-03 3.125117418999999508e+00
0.000000000000000000e+00 3.133511601999999563e+00
2.382602333068015166e-03 3.141905784999999618e+00
1.191301166534007583e-03 3.150299967999999673e+00
2.382602333068015166e-03 3.158694150999999728e+00
2.382602333068015166e-03 3.167088333999999783e+00
2.382602333068015166e-03 3.175482516999999838e+00
1.191301166534007583e-03 3.183876699999999893e+00
1.191301166534007583e-03 3.192270882999999948e+00
1.191301166534007583e-03 3.200665066000000003e+00
0.000000000000000000e+00 3.209059249000000058e+00
1.191301166534133567e-03 3.217453432000000113e+00
2.382602333068015166e-03 3.225847614999999280e+00
0.000000000000000000e+00 3.234241797999999335e+00
1.191301166534007583e-03 3.242635980999999390e+00
0.000000000000000000e+00 3.251030163999999445e+00
1.191301166534007583e-03 3.259424346999999500e+00
2.382602333068015166e-03 3.267818529999999555e+00
2.382602333068015166e-03 3.276212712999999610e+00
1.191301166534007583e-03 3.284606895999999665e+00
0.000000000000000000e+00 3.293001078999999720e+00
0.000000000000000000e+00 3.301395261999999775e+00
1.191301166534007583e-03 3.309789444999999830e+00
1.191301166534007583e-03 3.318183627999999885e+00
0.000000000000000000e+00 3.326577810999999940e+00
1.191301166534007583e-03 3.334971993999999995e+00
1.191301166534133567e-03 3.343366177000000050e+00
1.191301166534007583e-03 3.351760359999999217e+00
1.191301166534007583e-03 3.360154542999999272e+00
1.191301166534007583e-03 3.368548725999999327e+00
0.000000000000000000e+00 3.376942908999999382e+00
1.191301166534007583e-03 3.385337091999999437e+00
1.191301166534007583e-03 3.393731274999999492e+00
0.000000000000000000e+00 3.402125457999999547e+00
1.191301166534007583e-03 3.410519640999999602e+00
0.000000000000000000e+00 3.418913823999999657e+00
1.191301166534007583e-03 3.427308006999999712e+00
0.000000000000000000e+00 3.435702189999999767e+00
0.000000000000000000e+00 3.444096372999999822e+00
0.000000000000000000e+00 3.452490555999999877e+00
0.000000000000000000e+00 3.460884738999999932e+00
1.191301166534007583e-03 3.469278921999999987e+00
0.000000000000000000e+00 3.477673105000000042e+00
1.191301166534133567e-03 3.486067288000000097e+00
2.382602333068015166e-03 3.494461470999999264e+00
0.000000000000000000e+00 3.502855653999999319e+00
0.000000000000000000e+00 3.511249836999999374e+00
0.000000000000000000e+00 3.519644019999999429e+00
0.000000000000000000e+00 3.528038202999999484e+00
0.000000000000000000e+00 3.536432385999999539e+00
1.191301166534007583e-03 3.544826568999999594e+00
0.000000000000000000e+00 3.553220751999999649e+00
0.000000000000000000e+00 3.561614934999999704e+00
0.000000000000000000e+00 3.570009117999999759e+00
0.000000000000000000e+00 3.578403300999999814e+00
0.000000000000000000e+00 3.586797483999999869e+00
0.000000000000000000e+00 3.595191666999999924e+00
0.000000000000000000e+00 3.603585849999999979e+00
0.000000000000000000e+00 3.611980033000000034e+00
0.000000000000000000e+00 3.620374215999999201e+00
1.191301166534007583e-03 3.628768398999999256e+00
2.382602333068015166e-03 3.637162581999999311e+00
1.191301166534007583e-03 3.645556764999999366e+00
1.191301166534007583e-03 3.653950947999999421e+00
0.000000000000000000e+00 3.662345130999999476e+00
0.000000000000000000e+00 3.670739313999999531e+00
1.191301166534007583e-03 3.679133496999999586e+00
0.000000000000000000e+00 3.687527679999999641e+00
1.191301166534007583e-03 3.695921862999999696e+00
0.000000000000000000e+00 3.704316045999999751e+00
0.000000000000000000e+00 3.712710228999999806e+00
0.000000000000000000e+00 3.721104411999999861e+00
0.000000000000000000e+00 3.729498594999999916e+00
0.000000000000000000e+00 3.737892777999999971e+00
0.000000000000000000e+00 3.746286961000000026e+00
0.000000000000000000e+00 3.754681144000000081e+00
0.000000000000000000e+00 3.763075327000000136e+00
0.000000000000000000e+00 3.771469510000000191e+00
0.000000000000000000e+00 3.779863693000000247e+00
0.000000000000000000e+00 3.788257876000000302e+00
0.000000000000000000e+00 3.796652059000000357e+00
0.000000000000000000e+00 3.805046242000000412e+00
0.000000000000000000e+00 3.813440425000000467e+00
0.000000000000000000e+00 3.821834608000000522e+00
1.191301166534007583e-03 3.830228790999998800e+00
0.000000000000000000e+00 3.838622973999998855e+00
0.000000000000000000e+00 3.847017156999998910e+00
0.000000000000000000e+00 3.855411339999998965e+00
0.000000000000000000e+00 3.863805522999999020e+00
0.000000000000000000e+00 3.872199705999999075e+00
0.000000000000000000e+00 3.880593888999999130e+00
0.000000000000000000e+00 3.888988071999999185e+00
0.000000000000000000e+00 3.897382254999999240e+00
0.000000000000000000e+00 3.905776437999999295e+00
0.000000000000000000e+00 3.914170620999999350e+00
0.000000000000000000e+00 3.922564803999999405e+00
0.000000000000000000e+00 3.930958986999999460e+00
0.000000000000000000e+00 3.939353169999999515e+00
0.000000000000000000e+00 3.947747352999999570e+00
0.000000000000000000e+00 3.956141535999999626e+00
0.000000000000000000e+00 3.964535718999999681e+00
0.000000000000000000e+00 3.972929901999999736e+00
0.000000000000000000e+00 3.981324084999999791e+00
0.000000000000000000e+00 3.989718267999999846e+00
0.000000000000000000e+00 3.998112450999999901e+00
0.000000000000000000e+00 4.006506633999999956e+00
1.191301166534007583e-03 4.014900817000000011e+00
