0.570203
-0.353637
-0.918940
-0.838721
-0.880545
-1.415144
0.513269
0.633313
0.994041
-1.564358
1.122451
1.566657
-0.450052
-0.385065
-1.012953
0.209779
-1.553853
0.141305
0.512386
-1.350224
0.372108
-0.941838
-1.552815
-0.280727
0.172954
2.344416
0.199497
0.090103
-1.397296
-0.571431
0.340812
-0.158261
-0.172956
0.435788
0.747278
0.934373
-0.279992
0.383547
0.834834
1.138631
-0.589476
0.536954
1.666312
-0.538498
0.244658
-0.189738
0.959882
-0.245128
-1.504238
-0.557024
0.640477
0.077948
-1.182593
0.160888
-0.386970
1.358674
-1.473570
0.549607
-1.961946
-0.058865
0.510249
1.020537
0.499743
0.057806
-0.943889
1.440780
-1.729176
0.427563
-0.564885
0.001016
0.003441
0.340437
2.291173
0.059924
-0.332495
0.180894
-0.386339
-1.354081
-2.107535
-0.413134
-0.249474
-0.525675
-0.552160
-0.035681
0.603336
-0.078399
0.631862
0.916238
-1.666336
0.429533
-0.524109
-1.634681
-0.720154
-1.007289
-1.407358
1.140728
-2.053638
0.371949
0.961094
1.290880
0.026213
-1.188505
-1.198754
0.136646
-0.363662
-0.442146
-1.252343
-0.576369
-0.116676
-0.958906
-0.089603
-0.042121
0.922054
0.956772
1.665374
1.400351
-1.263923
-0.170180
0.691986
0.550597
0.562638
1.375434
1.244372
-0.806677
-1.889666
0.210244
0.483324
-1.717586
-0.321088
-1.047821
-0.543878
-0.285206
-0.572118
0.014463
0.665196
-1.004502
0.047866
-0.095722
1.326821
1.568184
-0.647018
0.247771
-0.543032
-0.602567
0.955984
1.337413
1.784558
1.249104
0.805409
1.195099
-0.735399
0.058217
1.426980
-0.966769
0.483451
-0.481010
0.942697
-0.090039
1.177796
0.106676
-0.690757
1.176398
1.260734
-0.107459
0.202239
-1.592337
1.441689
-0.852960
-2.335621
0.635554
-0.250366
-1.027620
-0.195355
-0.658904
-1.452987
-1.197856
-0.831845
1.875146
1.341556
0.192671
-0.980287
1.228446
-0.284392
0.290944
-1.621439
0.498492
0.764063
0.629929
0.178630
-1.389932
0.611785
-1.289447
-2.122503
1.987783
-0.473176
0.953488
-0.527380
0.318522
-3.130157
-0.657662
-0.428567
-0.277025
-1.398080
-0.291165
0.331834
0.802778
-0.300921
-0.111898
1.536490
0.575036
-0.289916
-0.416975
1.143029
-0.275830
-0.546892
0.162318
-0.076094
-1.095158
0.039585
-1.122768
-0.384949
0.108767
0.089290
-0.038073
1.056208
0.198598
-0.685023
-1.295712
0.375931
-0.385396
-0.770963
0.663270
0.893195
1.023044
0.875253
0.748945
-1.192245
-0.906036
0.281088
-1.682393
-0.728829
-0.364010
-0.558657
2.126614
1.071146
-0.772669
-0.030203
-0.397780
-1.149907
0.049214
-0.458618
-1.442514
0.923239
-0.821003
0.104280
-0.021313
0.446844
0.718676
-0.781522
-0.754180
-1.802108
-1.383964
-1.095155
0.414732
-0.455430
-0.915830
0.948055
-1.566441
2.341433
2.720941
0.172735
0.329057
-1.263513
-0.513785
1.860201
-0.333513
1.521696
-0.530191
1.362179
-0.370643
1.802094
0.550739
1.625889
-0.563241
1.554567
0.339201
0.249245
0.891869
0.058366
1.565423
-0.391748
0.013639
-0.641592
1.436371
-0.281938
-0.863783
1.147154
0.239702
-0.688374
-0.351262
