0.000000 0.000000
-0.000064 0.000100
-0.000128 0.000398
-0.000192 0.000892
-0.000256 0.001580
-0.000320 0.002461
-0.000385 0.003532
-0.000450 0.004791
-0.000515 0.006237
-0.000580 0.007868
-0.000646 0.009681
-0.000711 0.011676
-0.000777 0.013851
-0.000843 0.016203
-0.000909 0.018730
-0.000975 0.021432
-0.001041 0.024307
-0.001108 0.027352
-0.001174 0.030566
-0.001241 0.033947
-0.001308 0.037494
-0.001375 0.041205
-0.001443 0.045079
-0.001510 0.049112
-0.001578 0.053306
-0.001646 0.057656
-0.001713 0.062163
-0.001781 0.066825
-0.001849 0.071639
-0.001917 0.076605
-0.001985 0.081720
-0.002054 0.086984
-0.002122 0.092396
-0.002190 0.097952
-0.002259 0.103654
-0.002327 0.109498
-0.002396 0.115483
-0.002464 0.121609
-0.002533 0.127875
-0.002602 0.134278
-0.002671 0.140815
-0.002740 0.147489
-0.002809 0.154297
-0.002878 0.161237
-0.002947 0.168307
-0.003017 0.175509
-0.003086 0.182837
-0.003156 0.190293
-0.003225 0.197876
-0.003295 0.205584
-0.003365 0.213415
-0.003435 0.221371
-0.003505 0.229445
-0.003575 0.237641
-0.003646 0.245957
-0.003716 0.254392
-0.003787 0.262941
-0.003857 0.271606
-0.003928 0.280386
-0.003999 0.289282
-0.004071 0.298289
-0.004142 0.307413
-0.004212 0.316643
-0.004284 0.325981
-0.004355 0.335430
-0.004427 0.344986
-0.004499 0.354645
-0.004571 0.364414
-0.004643 0.374288
-0.004715 0.384266
-0.004786 0.394344
-0.004859 0.404526
-0.004932 0.414808
-0.005004 0.425189
-0.005077 0.435668
-0.005150 0.446249
-0.005223 0.456925
-0.005296 0.467700
-0.005369 0.478571
-0.005443 0.489530
-0.005517 0.500586
-0.005591 0.511737
-0.005665 0.522982
-0.005739 0.534312
-0.005814 0.545740
-0.005888 0.557250
-0.005963 0.568856
-0.006039 0.580545
-0.006114 0.592325
-0.006189 0.604193
-0.006265 0.616145
-0.006341 0.628182
-0.006417 0.640297
-0.006493 0.652503
-0.006570 0.664793
-0.006647 0.677166
-0.006724 0.689617
-0.006802 0.702142
-0.006880 0.714749
-0.006958 0.727440
-0.007036 0.740215
-0.007115 0.753058
-0.007194 0.765983
-0.007273 0.778981
-0.007352 0.792070
-0.007432 0.805220
-0.007512 0.818449
-0.007593 0.831748
-0.007673 0.845131
-0.007753 0.858575
-0.007835 0.872087
-0.007915 0.885699
-0.007998 0.899342
-0.008079 0.913079
-0.008161 0.926882
-0.008244 0.940756
-0.008327 0.954701
-0.008410 0.968696
-0.008494 0.982781
-0.008577 0.996917
-0.008661 1.011133
-0.008744 1.025404
-0.008829 1.039734
-0.008913 1.054145
-0.008998 1.068606
-0.009082 1.083134
-0.009168 1.097716
-0.009253 1.112368
-0.009338 1.127090
-0.009424 1.141860
-0.009510 1.156690
-0.009596 1.171574
-0.009682 1.186534
-0.009770 1.201539
-0.009856 1.216613
-0.009945 1.231728
-0.010032 1.246900
-0.010120 1.262143
-0.010208 1.277424
-0.010296 1.292778
-0.010385 1.308178
-0.010474 1.323631
-0.010563 1.339128
-0.010653 1.354695
-0.010743 1.370304
-0.010833 1.385978
-0.010923 1.401685
-0.011014 1.417464
-0.011105 1.433275
-0.011196 1.449129
-0.011288 1.465035
-0.011380 1.481019
-0.011471 1.497021
-0.011562 1.513084
-0.011655 1.529188
-0.011747 1.545334
-0.011839 1.561535
-0.011932 1.577780
-0.012024 1.594056
-0.012117 1.610369
-0.012210 1.626763
-0.012303 1.643181
-0.012396 1.659663
-0.012489 1.676147
-0.012582 1.692703
-0.012676 1.709307
-0.012770 1.725938
-0.012863 1.742609
-0.012957 1.759322
-0.013051 1.776085
-0.013144 1.792859
-0.013239 1.809720
-0.013333 1.826579
-0.013428 1.843481
-0.013522 1.860444
-0.013616 1.877409
-0.013711 1.894440
-0.013805 1.911518
-0.013899 1.928601
-0.013995 1.945745
-0.014088 1.962897
-0.014183 1.980097
-0.014278 1.997333
-0.014373 2.014599
-0.014467 2.031908
-0.014562 2.049253
-0.014658 2.066629
-0.014752 2.084024
-0.014847 2.101468
-0.014941 2.118948
-0.015036 2.136451
-0.015132 2.153989
-0.015226 2.171546
-0.015321 2.189147
-0.015416 2.206769
-0.015511 2.224408
-0.015605 2.242102
-0.015701 2.259827
-0.015796 2.277557
-0.015892 2.295331
-0.015987 2.313122
-0.016082 2.330974
-0.016178 2.348822
-0.016274 2.366681
-0.016370 2.384599
-0.016466 2.402520
-0.016563 2.420489
-0.016660 2.438464
-0.016756 2.456482
-0.016853 2.474516
-0.016950 2.492560
-0.017047 2.510645
-0.017145 2.528748
-0.017241 2.546866
-0.017342 2.565012
-0.017440 2.583184
-0.017538 2.601385
-0.017636 2.619594
-0.017735 2.637797
-0.017834 2.656088
-0.017934 2.674350
-0.018032 2.692638
-0.018132 2.710945
-0.018232 2.729298
-0.018332 2.747647
-0.018430 2.766026
-0.018530 2.784424
-0.018630 2.802862
-0.018732 2.821298
-0.018832 2.839722
-0.018933 2.858199
-0.019033 2.876714
-0.019134 2.895236
-0.019235 2.913743
-0.019336 2.932292
-0.019438 2.950834
-0.019540 2.969431
-0.019640 2.987996
-0.019742 3.006592
-0.019843 3.025234
-0.019945 3.043875
-0.020048 3.062498
-0.020149 3.081195
-0.020251 3.099885
-0.020352 3.118569
-0.020454 3.137267
-0.020555 3.156008
-0.020657 3.174727
-0.020758 3.193496
-0.020860 3.212278
-0.020962 3.231063
-0.021063 3.249856
-0.021165 3.268644
-0.021265 3.287482
-0.021367 3.306321
-0.021468 3.325113
-0.021568 3.343971
-0.021670 3.362866
-0.021771 3.381741
-0.021872 3.400629
-0.021972 3.419538
-0.022073 3.438438
-0.022175 3.457328
-0.022276 3.476273
-0.022377 3.495201
-0.022477 3.514133
-0.022578 3.533093
-0.022680 3.552080
-0.022782 3.571024
-0.022882 3.590030
-0.022984 3.609016
-0.023084 3.628025
-0.023185 3.647046
-0.023287 3.666069
-0.023387 3.685042
-0.023489 3.704087
-0.023591 3.723133
-0.023692 3.742193
-0.023792 3.761255
-0.023894 3.780337
-0.023993 3.799393
-0.024096 3.818485
-0.024197 3.837574
-0.024299 3.856687
-0.024399 3.875779
-0.024500 3.894925
-0.024601 3.914016
-0.024702 3.933155
-0.024805 3.952294
-0.024903 3.971462
-0.025003 3.990581
-0.025105 4.009761
-0.025206 4.028905
-0.025308 4.048092
-0.025408 4.067252
-0.025509 4.086464
-0.025609 4.105636
-0.025711 4.124862
-0.025811 4.144057
-0.025912 4.163260
-0.026014 4.182453
-0.026115 4.201657
-0.026216 4.220885
-0.026318 4.240107
-0.026420 4.259380
-0.026521 4.278565
-0.026622 4.297854
-0.026724 4.317136
-0.026826 4.336369
-0.026928 4.355623
-0.027028 4.374896
-0.027130 4.394203
-0.027233 4.413466
-0.027335 4.432737
-0.027437 4.452006
-0.027539 4.471313
-0.027642 4.490583
-0.027744 4.509890
-0.027848 4.529212
-0.027949 4.548489
-0.028052 4.567811
-0.028155 4.587136
-0.028258 4.606447
-0.028361 4.625755
-0.028464 4.645085
-0.028567 4.664395
-0.028668 4.683762
-0.028773 4.703127
-0.028874 4.722445
-0.028976 4.741758
-0.029080 4.761110
-0.029184 4.780474
-0.029286 4.799862
-0.029390 4.819189
-0.029494 4.838536
-0.029598 4.857925
-0.029699 4.877283
-0.029802 4.896710
-0.029907 4.916010
-0.030009 4.935408
-0.030113 4.954730
-0.030218 4.974156
-0.030320 4.993545
-0.030424 5.012903
-0.030528 5.032317
-0.030631 5.051677
-0.030737 5.071100
-0.030841 5.090484
-0.030946 5.109866
-0.031050 5.129294
-0.031153 5.148684
-0.031258 5.168070
-0.031361 5.187527
-0.031466 5.206958
-0.031570 5.226331
-0.031675 5.245780
-0.031780 5.265178
-0.031885 5.284629
-0.031989 5.304029
-0.032096 5.323496
-0.032200 5.342902
-0.032306 5.362312
-0.032410 5.381814
-0.032515 5.401231
-0.032619 5.420631
-0.032724 5.440100
-0.032830 5.459563
-0.032933 5.479013
-0.033039 5.498454
-0.033144 5.517881
-0.033247 5.537380
-0.033354 5.556823
-0.033457 5.576323
-0.033563 5.595690
-0.033669 5.615205
-0.033774 5.634647
-0.033877 5.654104
-0.033984 5.673638
-0.034089 5.693105
-0.034193 5.712569
-0.034298 5.732075
-0.034403 5.751594
-0.034509 5.771041
-0.034612 5.790510
-0.034719 5.809990
-0.034824 5.829487
-0.034926 5.848946
-0.035033 5.868433
-0.035138 5.887955
-0.035243 5.907380
-0.035347 5.926886
-0.035450 5.946404
-0.035555 5.965878
-0.035662 5.985419
-0.035764 6.004905
-0.035867 6.024465
-0.035972 6.043953
-0.036077 6.063454
-0.036180 6.082971
-0.036284 6.102525
-0.036388 6.121994
-0.036490 6.141604
-0.036594 6.161105
-0.036697 6.180640
-0.036803 6.200143
-0.036906 6.219670
-0.037005 6.239205
-0.037112 6.258771
-0.037216 6.278289
-0.037319 6.297736
-0.037422 6.317328
-0.037522 6.336874
-0.037624 6.356384
-0.037727 6.375935
-0.037828 6.395443
-0.037933 6.415038
-0.038035 6.434595
-0.038136 6.454157
-0.038237 6.473656
-0.038338 6.493223
-0.038440 6.512763
-0.038543 6.532324
-0.038644 6.551813
-0.038744 6.571373
-0.038845 6.591010
-0.038948 6.610546
-0.039048 6.630163
-0.039147 6.649688
-0.039249 6.669236
-0.039351 6.688861
-0.039450 6.708508
-0.039550 6.727994
-0.039649 6.747531
-0.039748 6.767154
-0.039850 6.786723
-0.039951 6.806315
-0.040051 6.825838
-0.040149 6.845494
-0.040249 6.865122
-0.040349 6.884638
-0.040448 6.904247
-0.040547 6.923858
-0.040648 6.943430
-0.040747 6.963075
-0.040848 6.982610
-0.040947 7.002264
-0.041047 7.021889
-0.041147 7.041454
-0.041248 7.061035
-0.041349 7.080667
-0.041448 7.100327
-0.041548 7.119960
-0.041649 7.139641
-0.041747 7.159272
-0.041849 7.178750
-0.041950 7.198455
-0.042050 7.218160
-0.042151 7.237689
-0.042252 7.257420
-0.042350 7.277029
-0.042452 7.296621
-0.042554 7.316337
-0.042654 7.336115
-0.042755 7.355748
-0.042854 7.375374
-0.042957 7.395035
-0.043059 7.414682
-0.043161 7.434350
-0.043264 7.454046
-0.043367 7.473735
-0.043467 7.493442
-0.043571 7.513178
-0.043673 7.532831
-0.043775 7.552505
-0.043879 7.572228
-0.043983 7.591998
-0.044087 7.611610
-0.044188 7.631417
-0.044293 7.651121
-0.044401 7.670831
-0.044500 7.690545
-0.044607 7.710277
-0.044713 7.730000
-0.044819 7.749705
-0.044922 7.769536
-0.045027 7.789150
-0.045131 7.808922
-0.045235 7.828599
-0.045342 7.848406
-0.045446 7.868132
-0.045552 7.887931
-0.045655 7.907659
-0.045761 7.927407
-0.045866 7.947129
-0.045972 7.966973
-0.046077 7.986689
-0.046184 8.006553
-0.046286 8.026339
-0.046392 8.046104
-0.046496 8.065932
-0.046601 8.085735
-0.046708 8.105502
-0.046814 8.125299
-0.046918 8.145181
-0.047022 8.164998
-0.047129 8.184685
-0.047235 8.204570
-0.047340 8.224436
-0.047442 8.244293
-0.047548 8.264080
-0.047653 8.283912
-0.047759 8.303792
-0.047867 8.323583
-0.047970 8.343478
-0.048076 8.363339
-0.048182 8.383201
-0.048287 8.403099
-0.048393 8.422991
-0.048497 8.442825
-0.048604 8.462662
-0.048709 8.482545
-0.048814 8.502522
-0.048919 8.522399
-0.049029 8.542224
-0.049135 8.562190
-0.049240 8.582088
-0.049349 8.602017
-0.049455 8.621916
-0.049561 8.641836
-0.049670 8.661816
-0.049777 8.681787
-0.049884 8.701645
-0.049994 8.721668
-0.050100 8.741648
-0.050210 8.761580
-0.050317 8.781401
-0.050424 8.801438
-0.050536 8.821355
-0.050646 8.841309
-0.050754 8.861347
-0.050864 8.881357
-0.050974 8.901311
-0.051086 8.921343
-0.051195 8.941276
-0.051308 8.961324
-0.051418 8.981311
-0.051529 9.001399
-0.051641 9.021421
-0.051751 9.041395
-0.051865 9.061366
-0.051977 9.081578
-0.052090 9.101624
-0.052200 9.121614
-0.052315 9.141623
-0.052430 9.161731
-0.052543 9.181795
-0.052653 9.201878
-0.052767 9.221958
-0.052880 9.242012
-0.052993 9.262125
-0.053106 9.282261
-0.053219 9.302488
-0.053334 9.322482
-0.053450 9.342648
-0.053563 9.362783
-0.053676 9.382996
-0.053791 9.403029
-0.053905 9.423302
-0.054021 9.443415
-0.054137 9.463655
-0.054248 9.483932
-0.054363 9.504056
-0.054478 9.524326
-0.054593 9.544580
-0.054709 9.564800
-0.054821 9.585061
-0.054937 9.605246
-0.055051 9.625554
-0.055166 9.645800
-0.055281 9.666094
-0.055395 9.686358
-0.055510 9.706701
-0.055628 9.726981
-0.055741 9.747313
-0.055856 9.767586
-0.055975 9.788006
-0.056089 9.808267
-0.056205 9.828666
-0.056320 9.849016
-0.056437 9.869448
-0.056552 9.889832
-0.056668 9.910219
-0.056786 9.930558
-0.056903 9.950999
-0.057018 9.971443
-0.057135 9.991809
-0.057249 10.012206
-0.057371 10.032645
-0.057487 10.053058
-0.057602 10.073606
-0.057717 10.094101
-0.057840 10.114610
-0.057954 10.135079
-0.058075 10.155450
-0.058191 10.176084
-0.058312 10.196557
-0.058430 10.217129
-0.058548 10.237611
-0.058666 10.258164
-0.058785 10.278776
-0.058902 10.299275
-0.059021 10.319886
-0.059143 10.340440
-0.059263 10.361057
-0.059381 10.381666
-0.059501 10.402205
-0.059620 10.422777
-0.059742 10.443416
-0.059863 10.464169
-0.059984 10.484793
-0.060104 10.505410
-0.060225 10.526066
-0.060347 10.546770
-0.060469 10.567401
-0.060589 10.588079
-0.060712 10.608831
-0.060833 10.629585
-0.060954 10.650315
-0.061077 10.671070
-0.061198 10.691833
-0.061319 10.712530
-0.061444 10.733345
-0.061566 10.754136
-0.061688 10.774889
-0.061807 10.795701
-0.061934 10.816506
-0.062054 10.837296
-0.062178 10.858154
-0.062302 10.879048
-0.062423 10.899972
-0.062547 10.920728
-0.062671 10.941626
-0.062794 10.962553
-0.062916 10.983508
-0.063040 11.004427
-0.063166 11.025369
-0.063295 11.046400
-0.063414 11.067332
-0.063537 11.088303
-0.063662 11.109349
-0.063789 11.130354
-0.063913 11.151314
-0.064036 11.172425
-0.064163 11.193358
-0.064289 11.214390
-0.064415 11.235364
-0.064540 11.256517
-0.064668 11.277521
-0.064794 11.298722
-0.064919 11.319874
-0.065046 11.340980
-0.065173 11.362079
-0.065297 11.383183
-0.065425 11.404387
-0.065548 11.425537
-0.065676 11.446656
-0.065802 11.467799
-0.065925 11.489042
-0.066053 11.510185
-0.066179 11.531438
-0.066306 11.552629
-0.066434 11.573923
-0.066559 11.595227
-0.066686 11.616557
-0.066811 11.637814
-0.066937 11.659142
-0.067065 11.680557
-0.067189 11.701916
-0.067317 11.723217
-0.067444 11.744641
-0.067573 11.765845
-0.067697 11.787387
-0.067824 11.808657
-0.067949 11.830121
-0.068077 11.851473
-0.068203 11.872807
-0.068328 11.894315
-0.068457 11.915807
-0.068585 11.937429
-0.068711 11.958833
-0.068838 11.980236
-0.068967 12.001750
-0.069090 12.023293
-0.069216 12.044891
-0.069343 12.066477
-0.069469 12.087976
-0.069599 12.109634
-0.069728 12.131051
-0.069853 12.152761
-0.069980 12.174380
-0.070103 12.195932
-0.070234 12.217496
-0.070359 12.239202
-0.070487 12.260977
-0.070614 12.282658
-0.070741 12.304225
-0.070869 12.326015
-0.070995 12.347803
-0.071119 12.369351
-0.071246 12.391040
-0.071374 12.412981
-0.071499 12.434619
-0.071630 12.456479
-0.071754 12.478246
-0.071883 12.499949
-0.072009 12.521750
-0.072139 12.543538
-0.072266 12.565361
-0.072390 12.587308
-0.072515 12.609199
-0.072641 12.630974
-0.072769 12.652823
-0.072894 12.674627
-0.073021 12.696323
-0.073146 12.718396
-0.073275 12.740212
-0.073400 12.762246
-0.073525 12.784212
-0.073653 12.806101
-0.073777 12.828039
-0.073903 12.850092
-0.074026 12.872009
-0.074155 12.893999
-0.074281 12.916036
-0.074405 12.938138
-0.074532 12.959952
-0.074654 12.982092
-0.074783 13.004174
-0.074909 13.026139
-0.075032 13.048143
-0.075159 13.070116
-0.075282 13.092267
-0.075406 13.114379
-0.075534 13.136518
-0.075656 13.158601
-0.075778 13.180567
-0.075905 13.202853
-0.076029 13.225056
-0.076152 13.247105
-0.076277 13.269306
-0.076399 13.291472
-0.076522 13.313626
-0.076648 13.335832
-0.076768 13.358100
-0.076894 13.380239
-0.077016 13.402496
-0.077135 13.424602
-0.077259 13.447025
-0.077380 13.469226
-0.077502 13.491549
-0.077626 13.513842
-0.077750 13.536158
-0.077872 13.558410
-0.077995 13.580881
-0.078114 13.603078
-0.078238 13.625420
-0.078356 13.647827
-0.078478 13.670124
-0.078600 13.692622
-0.078722 13.715029
-0.078843 13.737449
-0.078966 13.759747
-0.079082 13.782243
-0.079206 13.804609
-0.079331 13.827172
-0.079451 13.849636
-0.079569 13.872062
-0.079690 13.894723
-0.079812 13.917309
-0.079934 13.939926
-0.080054 13.962360
-0.080173 13.984825
-0.080292 14.007316
-0.080410 14.029986
-0.080532 14.052385
-0.080647 14.075029
-0.080768 14.097755
-0.080888 14.120408
-0.081013 14.142919
-0.081128 14.165607
-0.081250 14.188272
-0.081367 14.210830
-0.081486 14.233685
-0.081603 14.256265
-0.081721 14.278941
-0.081841 14.301675
-0.081957 14.324526
-0.082074 14.347141
-0.082196 14.369929
-0.082311 14.392566
-0.082431 14.415412
-0.082547 14.438314
-0.082663 14.461117
-0.082785 14.483944
-0.082896 14.506782
-0.083019 14.529552
-0.083135 14.552262
-0.083247 14.575128
-0.083368 14.598087
-0.083488 14.620750
-0.083598 14.643706
-0.083715 14.666636
-0.083836 14.689428
-0.083949 14.712341
-0.084065 14.735200
-0.084182 14.758176
-0.084300 14.781200
-0.084414 14.804000
-0.084530 14.826908
-0.084645 14.849977
-0.084761 14.872694
-0.084874 14.895660
-0.084990 14.918806
-0.085105 14.941754
-0.085220 14.964760
-0.085335 14.987566
-0.085450 15.010856
-0.085566 15.033793
-0.085679 15.056705
-0.085793 15.079809
-0.085900 15.102923
-0.086019 15.125973
-0.086131 15.149074
-0.086245 15.171935
-0.086359 15.195096
-0.086470 15.218155
-0.086583 15.241234
-0.086697 15.264353
-0.086809 15.287426
-0.086921 15.310512
-0.087032 15.333621
-0.087145 15.356697
-0.087259 15.379764
-0.087365 15.402765
-0.087482 15.426013
-0.087593 15.449134
-0.087702 15.472429
-0.087814 15.495360
-0.087920 15.518630
-0.088036 15.541772
-0.088146 15.564947
-0.088258 15.588161
-0.088374 15.611382
-0.088477 15.634542
-0.088590 15.657684
-0.088698 15.680900
-0.088808 15.703919
-0.088920 15.727156
-0.089031 15.750386
-0.089141 15.773593
-0.089253 15.797022
-0.089361 15.820101
-0.089470 15.843373
-0.089584 15.866590
-0.089688 15.889930
-0.089801 15.913196
-0.089906 15.936297
-0.090013 15.959612
-0.090127 15.982847
-0.090235 16.006237
-0.090339 16.029556
-0.090454 16.052792
-0.090563 16.076174
-0.090676 16.099392
-0.090780 16.122818
-0.090884 16.146210
-0.090999 16.169367
-0.091107 16.192829
-0.091213 16.216131
-0.091326 16.239248
-0.091428 16.262817
-0.091542 16.286005
-0.091651 16.309422
-0.091757 16.332642
-0.091868 16.356216
-0.091978 16.379498
-0.092084 16.402910
-0.092193 16.426350
-0.092299 16.449776
-0.092410 16.473215
-0.092521 16.496460
-0.092632 16.519943
-0.092735 16.543325
-0.092850 16.566681
-0.092956 16.590034
-0.093068 16.613514
-0.093172 16.636995
-0.093286 16.660334
-0.093396 16.683863
-0.093501 16.707209
-0.093616 16.730646
-0.093724 16.754141
-0.093836 16.777580
-0.093944 16.801043
-0.094056 16.824352
-0.094165 16.848042
-0.094280 16.871433
-0.094388 16.894800
-0.094499 16.918259
-0.094609 16.941954
-0.094719 16.965424
-0.094833 16.988659
-0.094944 17.012182
-0.095055 17.035809
-0.095167 17.059328
-0.095276 17.082546
-0.095391 17.105932
-0.095501 17.129679
-0.095614 17.153078
-0.095724 17.176685
-0.095835 17.200329
-0.095943 17.223768
-0.096059 17.247297
-0.096174 17.270744
-0.096285 17.294235
-0.096396 17.317848
-0.096507 17.341375
-0.096622 17.364775
-0.096733 17.388514
-0.096852 17.411858
-0.096958 17.435392
-0.097077 17.458981
-0.097186 17.482584
-0.097305 17.506134
-0.097417 17.529728
-0.097531 17.553122
-0.097642 17.576729
-0.097754 17.600126
-0.097872 17.623747
-0.097981 17.647322
-0.098097 17.670839
-0.098215 17.694544
-0.098328 17.718113
-0.098444 17.741829
-0.098553 17.765366
-0.098672 17.788864
-0.098789 17.812334
-0.098903 17.836063
-0.099014 17.859655
-0.099134 17.883118
-0.099249 17.906776
-0.099364 17.930227
-0.099477 17.953836
-0.099593 17.977295
-0.099709 18.000778
-0.099824 18.024467
-0.099942 18.047991
-0.100051 18.071533
-0.100163 18.095181
-0.100282 18.118872
-0.100395 18.142361
-0.100518 18.165958
-0.100630 18.189550
-0.100743 18.212996
-0.100858 18.236591
-0.100977 18.260174
-0.101090 18.283724
-0.101203 18.307249
-0.101318 18.330982
-0.101434 18.354298
-0.101553 18.378057
-0.101661 18.401693
-0.101779 18.425135
-0.101894 18.448757
-0.102010 18.472286
-0.102125 18.496113
-0.102244 18.519657
-0.102357 18.543282
-0.102467 18.566765
-0.102582 18.590231
-0.102703 18.613865
-0.102816 18.637281
-0.102931 18.661161
-0.103045 18.684540
-0.103160 18.708250
-0.103272 18.731890
-0.103388 18.755239
-0.103503 18.778879
-0.103620 18.802536
-0.103732 18.825994
-0.103850 18.849741
-0.103971 18.873314
-0.104087 18.896961
-0.104200 18.920444
-0.104317 18.943869
-0.104431 18.967484
-0.104548 18.990982
-0.104666 19.014576
-0.104785 19.038183
-0.104901 19.061640
